181,13
181,11
181,12
181,10
181,4
181,5
0,562
181,9
0,561
181,8
181,7
0,560
0,559
181,6
181,3
181,2
181,1
181,0
180,3
180,2
180,1
180,0
179,5
179,4
179,3
179,2
179,1
179,0
178,4
178,3
178,2
178,1
178,0
177,4
177,3
177,2
177,1
177,0
176,4
176,3
176,2
176,1
176,0
175,3
175,2
175,1
175,0
174,7
174,6
174,5
0,558
174,4
174,3
174,2
174,1
174,0
173,3
173,2
173,1
173,0
172,5
172,4
172,3
172,2
172,1
172,0
171,4
171,3
171,2
171,1
171,0
170,4
170,3
170,2
170,1
170,0
169,4
169,3
169,2
169,1
169,0
168,3
168,2
168,1
168,0
0,243
160,36
160,35
167,7
167,6
167,5
0,273
0,270
167,4
167,3
167,2
167,1
167,0
166,3
166,2
166,1
166,0
165,5
165,4
165,3
165,2
165,1
165,0
164,4
164,3
164,2
164,1
164,0
163,4
163,3
163,2
163,1
163,0
162,4
162,3
162,2
162,1
162,0
161,3
161,2
0,9
161,1
161,0
3,2
3,1
3,3
